[General]
FileVersion=69
NumberOfJoysticks=2
NumberOfButtons=32
DisplayMode=2
UseDiagonalInput=1
UseDiagonalInput2=0
UsePOV8Way=0
RepeatSameKeyInSequence=0
Threshold=20
Threshold2=20
KeySendMode=0
SoundFile=
ImageFile=
VibrationSpeed1=0
VibrationSpeed2=0
VibrationDuration=0

[Joystick 1]
Button05=5, 1, 700
Axis1n=1, 41:00:00:00, 30.000, 0, 0
Axis1p=1, 44:00:00:00, 30.000, 0, 0
Axis2n=1, 57:00:00:00, 30.000, 0, 0
Axis2p=1, 53:00:00:00, 30.000, 0, 0
Up-Right=1, 57:44:00:00, 30.000, 0, 0
Up- Left=1, 57:41:00:00, 30.000, 0, 0
Dn- Left=1, 53:41:00:00, 30.000, 0, 0
Dn-Right=1, 53:44:00:00, 30.000, 0, 0
Button20=8, 0.000000, 0.015000, 0, 0, 0, 0, 0, 0, 0, 0.000, 0, 0
Button21=8, 0.010600, 0.010600, 0, 0, 0, 0, 0, 0, 0, 0.000, 0, 0
Button22=8, 0.015000, 0.000000, 0, 0, 0, 0, 0, 0, 0, 0.000, 0, 0
Button23=8, 0.010600, -0.010600, 0, 0, 0, 0, 0, 0, 0, 0.000, 0, 0
Button24=8, 0.000000, -0.015000, 0, 0, 0, 0, 0, 0, 0, 0.000, 0, 0
Button25=8, -0.010600, -0.010600, 0, 0, 0, 0, 0, 0, 0, 0.000, 0, 0
Button26=8, -0.015000, 0.000000, 0, 0, 0, 0, 0, 0, 0, 0.000, 0, 0
Button27=8, -0.010600, 0.010600, 0, 0, 0, 0, 0, 0, 0, 0.000, 0, 0
Button12=7, 5, 0, 813:814:0:0, 815:816:0:0, 817:818:0:0, 819:81A:0:0, 95, 100, 100.000, 0, 0, 20, 0

